254
255
257
258
259
261
262
263
264
266
267
268
269
271
272
273
274
275
277
278
279
280
281
282
283
284
285
287
288
289
290
291
292
293
294
295
296
297
298
298
299
300
301
302
303
304
305
306
306
307
308
309
310
310
311
312
312
313
314
315
315
316
317
317
318
318
319
320
320
321
321
322
322
323
323
324
324
325
325
326
326
326
327
327
327
328
328
328
329
329
329
330
330
330
330
331
331
331
331
331
331
331
332
332
332
332
332
332
332
332
332
332
332
332
332
332
332
332
332
331
331
331
331
331
331
330
330
330
330
330
329
329
329
329
328
328
328
327
327
327
326
326
325
325
325
324
324
323
323
322
322
321
321
320
320
319
319
318
317
317
316
316
315
314
314
313
312
312
311
310
310
309
308
307
307
306
305
304
304
303
302
301
301
300
299
298
297
296
295
295
294
293
292
291
290
289
288
287
286
286
285
284
283
282
281
280
279
278
277
276
275
274
273
272
271
270
269
268
266
265
265
264
263
262
261
260
259
258
257
257
256
255
255
254
253
253
252
251
251
250
250
249
249
248
248
247
247
247
246
246
246
245
245
245
245
244
244
244
244
244
244
244
244
244
244
244
244
244
244
244
244
244
245
245
245
245
246
246
246
247
247
247
248
248
249
249
250
250
251
251
252
252
253
253
254
255
256
256
257
258
258
259
260
261
262
263
263
264
265
266
267
268
269
270
271
272
273
274
275
277
278
279
280
281
282
284
285
286
287
289
290
291
292
294
295
297
298
299
301
302
304
305
306
308
309
310
312
313
314
316
317
318
320
321
322
323
325
326
327
328
329
330
331
333
334
335
336
337
338
339
340
341
342
343
344
345
345
346
347
348
349
350
350
351
352
353
353
354
355
355
356
357
357
358
359
359
360
360
361
361
362
362
363
363
364
364
364
365
365
365
366
366
366
367
367
367
367
367
368
368
368
368
368
368
368
368
368
368
368
368
368
368
368
368
368
368
368
368
368
367
367
367
367
367
366
366
366
365
365
365
364
364
364
363
363
362
362
361
361
361
360
359
359
358
358
357
357
356
355
355
354
353
352
351
350
349
348
347
346
345
344
343
342
340
339
338
336
335
333
332
330
329
327
325
324
322
320
319
317
315
313
311
309
307
305
303
301
299
297
294
292
290
288
285
283
281
278
276
273
271
268
266
263
260
258
255
252
250
247
244
241
239
236
233
230
227
224
221
218
215
212
209
206
203
200
197
193
190
187
184
181
177
174
171
168
164
161
157
154
151
147
144
140
137
134
130
127
123
120
116
113
109
105
102
98
95
91
88
84
80
77
73
69
66
62
58
55
51
47
44
40
36
33
29
25
22
18
15
11
8
4
1
-2
-5
-9
-12
-15
-19
-22
-25
-28
-31
-35
-38
-41
-44
-47
-50
-53
-56
-59
-62
-64
-67
-70
-73
-75
-78
-81
-83
-86
-88
-91
-93
-96
-98
-101
-103
-105
-108
-110
-112
-114
-116
-118
-120
-122
-124
-126
-128
-130
-132
-134
-135
-137
-139
-141
-142
-144
-145
-147
-148
-150
-151
-152
-154
-155
-156
-157
-159
-160
-161
-162
-163
-164
-165
-166
-166
-167
-168
-169
-169
-170
-171
-171
-172
-172
-173
-173
-174
-174
-174
-175
-175
-175
-175
-175
-175
-175
-175
-175
-175
-175
-175
-175
-175
-174
-174
-174
-173
-173
-173
-172
-172
-171
-170
-170
-169
-169
-168
-167
-166
-165
-165
-164
-163
-162
-161
-160
-159
-158
-156
-155
-154
-153
-151
-150
-149
-147
-146
-145
-143
-142
-140
-139
-137
-135
-134
-132
-130
-129
-127
-125
-123
-121
-119
-118
-116
-114
-112
-110
-108
-106
-103
-101
-99
-97
-95
-93
-90
-88
-86
-83
-81
-79
-76
-74
-71
-69
-66
-64
-61
-59
-56
-54
-51
-48
-46
-43
-40
-38
-35
-32
-29
-27
-24
-21
-18
-15
-12
-10
-7
-4
-1
1
4
7
10
13
16
19
22
25
28
31
34
37
40
44
47
50
53
56
59
62
66
69
72
75
78
81
85
88
91
94
98
101
104
107
111
114
117
121
124
128
131
135
138
142
146
149
153
157
160
164
168
172
175
179
183
187
191
195
199
203
206
210
214
218
222
227
231
235
239
243
247
251
255
259
264
268
272
276
280
285
289
293
297
302
306
310
314
319
323
327
332
336
340
345
349
353
358
362
366
371
375
379
384
388
392
397
401
405
410
414
418
423
427
431
435
440
444
448
453
457
461
465
470
474
478
482
487
491
495
499
503
507
512
516
520
524
528
532
536
540
544
548
552
556
560
564
568
572
576
580
584
587
591
595
599
603
606
610
614
617
621
625
628
632
635
639
642
646
649
653
656
659
663
666
669
673
676
679
682
686
689
692
695
698
701
703
706
709
712
714
717
719
722
724
727
729
731
733
735
737
739
741
743
745
747
749
750
752
753
755
756
758
759
760
761
762
763
764
765
766
767
768
769
769
770
770
771
771
772
772
772
772
773
773
773
773
773
772
772
772
772
771
771
770
770
769
768
768
767
766
765
764
763
762
761
760
759
758
756
755
753
752
750
749
747
746
744
742
740
738
736
734
732
730
728
726
724
721
719
717
714
712
709
707
704
702
699
696
693
690
688
685
682
679
676
673
669
666
663
660
657
653
650
647
643
640
636
633
629
625
622
618
614
611
607
603
599
595
591
587
583
579
575
571
567
563
559
555
550
546
542
538
533
529
525
520
516
511
507
502
498
493
489
484
480
475
470
466
461
456
452
447
442
438
433
428
423
418
414
409
404
399
394
390
385
380
375
370
365
360
355
350
345
341
336
331
326
321
316
311
306
301
296
291
286
281
276
271
266
261
257
252
247
242
237
232
227
222
217
212
208
203
198
193
189
184
179
175
170
166
161
157
152
148
144
139
135
131
127
123
119
115
111
107
103
99
95
92
88
84
81
77
73
70
67
63
60
57
53
50
47
44
41
38
35
32
29
26
24
21
18
16
13
11
8
6
3
1
0
-2
-5
-7
-9
-11
-13
-15
-16
-18
-20
-22
-23
-25
-26
-28
-29
-31
-32
-33
-34
-35
-37
-38
-39
-40
-40
-41
-42
-43
-44
-44
-45
-45
-46
-46
-47
-47
-47
-47
-47
-48
-48
-48
-48
-48
-47
-47
-47
-47
-46
-46
-45
-45
-44
-44
-43
-42
-42
-41
-40
-39
-38
-37
-36
-35
-34
-33
-31
-30
-29
-27
-26
-25
-23
-21
-20
-18
-16
-15
-13
-11
-9
-7
-5
-3
-1
0
2
4
6
9
11
13
16
18
21
23
26
28
31
33
36
39
42
44
47
50
53
56
59
62
65
68
71
75
78
81
84
87
90
93
97
100
103
106
109
112
115
118
121
124
126
129
132
135
138
140
143
146
149
151
154
156
159
161
164
166
169
171
174
176
178
181
183
185
187
190
192
194
196
198
200
202
204
206
208
210
212
214
215
217
219
221
222
224
225
227
228
230
231
233
234
236
237
238
240
241
242
243
244
245
246
247
248
249
250
251
252
253
254
254
255
256
257
257
258
258
259
259
260
260
261
261
261
262
262
262
262
262
263
263
263
263
263
263
263
263
262
262
262
262
262
261
261
261
261
261
260
260
260
260
259
259
258
258
258
257
257
256
256
255
255
254
254
253
252
252
251
250
250
249
248
247
247
246
245
244
244
243
242
241
240
239
238
237
236
235
234
233
232
231
230
228
227
226
225
223
222
221
220
218
217
216
214
213
212
211
209
208
207
205
204
203
202
200
199
198
197
195
194
193
192
190
189
188
187
185
184
183
182
181
179
178
177
176
175
173
172
171
170
169
168
166
165
164
163
162
161
160
158
157
156
155
154
153
152
151
150
149
148
147
146
145
144
143
142
141
140
139
138
137
137
136
135
134
134
133
132
131
131
130
129
129
128
127
127
126
125
125
124
124
123
122
122
121
121
120
120
119
118
118
117
117
116
116
115
115
115
114
114
113
113
112
112
112
111
111
111
110
110
110
109
109
109
108
108
108
108
107
107
107
107
106
106
106
106
106
105
105
105
105
105
105
105
105
104
104
104
104
104
104
104
104
104
104
104
104
104
104
104
104
104
104
105
105
105
105
105
105
105
105
106
106
106
106
106
107
107
107
107
107
108
108
108
108
109
109
109
110
110
110
111
111
111
112
112
112
113
113
114
114
114
115
115
116
116
117
117
118
118
118
119
119
120
121
121
122
122
123
124
125
125
126
127
128
129
129
130
131
132
133
134
134
135
136
137
138
139
140
141
141
142
143
144
145
146
147
148
149
150
151
151
152
153
154
155
156
157
158
159
160
161
162
163
164
165
166
167
168
169
170
170
171
172
173
175
176
177
178
179
180
181
183
184
185
186
187
189
190
191
192
193
195
196
197
198
199
201
202
203
204
205
206
208
209
210
211
212
213
215
216
217
218
219
220
222
223
224
225
227
228
229
231
232
233
235
236
237
239
240
241
242
244
245
246
247
249
250
251
252
254
255
256
257
258
259
261
262
263
264
265
266
268
269
270
271
272
274
275
276
278
279
280
281
283
284
285
286
287
289
290
291
292
293
294
295
296
297
299
300
301
302
303
304
305
306
307
308
309
309
310
311
312
313
314
315
316
317
318
319
320
321
322
323
324
325
326
327
328
329
330
331
332
332
333
334
335
336
336
337
338
339
339
340
341
341
342
342
343
343
344
344
344
345
345
345
345
346
346
346
346
346
346
346
347
347
347
347
347
347
347
347
347
347
347
347
347
346
346
346
346
346
346
346
345
345
345
345
344
344
344
344
343
343
343
342
342
342
341
341
340
340
339
339
339
338
338
337
337
336
335
335
334
334
333
333
332
331
331
330
329
329
328
327
327
326
325
324
324
323
322
321
320
320
319
318
317
316
315
315
314
313
312
311
310
309
308
307
306
305
304
303
302
301
300
299
298
297
296
295
294
293
292
291
289
288
287
286
284
283
282
280
279
277
276
275
273
272
270
269
268
266
264
263
261
260
258
256
255
253
251
249
248
246
244
242
241
239
237
235
234
232
230
228
227
225
223
221
219
217
215
213
211
209
207
205
203
201
199
197
195
193
191
189
187
185
183
180
178
176
174
172
170
168
166
163
161
159
157
155
153
150
148
146
144
142
140
137
135
133
131
129
126
124
122
120
118
115
113
111
109
107
104
102
100
98
96
93
91
89
87
85
83
80
78
76
74
72
70
67
65
63
61
59
57
55
53
51
49
47
44
42
40
38
36
34
32
30
28
26
24
22
20
18
16
14
12
10
8
7
5
3
1
0
-1
-3
-5
-7
-8
-10
-12
-13
-15
-16
-18
-19
-21
-22
-24
-25
-26
-28
-29
-30
-32
-33
-34
-35
-36
-37
-39
-40
-41
-42
-43
-44
-45
-46
-46
-47
-48
-49
-50
-51
-51
-52
-53
-53
-54
-55
-55
-56
-56
-57
-57
-58
-58
-59
-59
-59
-60
-60
-60
-60
-60
-61
-61
-61
-61
-61
-61
-61
-61
-61
-61
-61
-61
-61
-61
-60
-60
-60
-60
-59
-59
-59
-58
-58
-58
-57
-57
-56
-56
-55
-55
-54
-53
-53
-52
-51
-51
-50
-49
-48
-48
-47
-46
-45
-44
-43
-42
-41
-40
-39
-38
-37
-36
-35
-34
-33
-32
-31
-29
-28
-27
-26
-24
-23
-22
-20
-19
-18
-16
-15
-13
-12
-10
-9
-7
-6
-4
-3
-1
0
1
3
4
6
8
9
11
13
14
16
18
20
22
23
25
27
29
31
33
35
37
39
41
43
45
48
50
52
54
56
59
61
63
65
68
70
72
75
77
79
82
84
87
89
91
94
96
99
101
104
106
109
111
114
116
119
121
124
126
129
131
134
136
139
142
144
147
150
152
155
157
160
163
165
168
171
174
176
179
182
185
188
190
193
196
199
202
204
207
210
213
216
219
222
225
228
231
234
237
240
242
245
248
251
254
257
260
263
266
269
272
275
278
281
284
287
290
293
296
299
302
305
308
311
314
317
320
323
326
328
331
334
337
340
343
346
349
352
355
358
361
363
366
369
372
375
378
381
384
386
389
392
395
397
400
403
405
408
411
413
416
418
421
423
425
428
430
433
435
437
439
442
444
446
448
450
452
454
456
458
460
462
464
466
468
470
472
473
475
477
478
480
482
483
485
486
488
489
490
492
493
494
496
497
498
499
501
502
503
504
505
506
507
508
509
509
510
511
512
513
513
514
514
515
516
516
517
517
518
518
518
519
519
519
519
520
520
520
520
520
520
520
520
520
520
520
520
520
519
519
519
519
518
518
517
517
517
516
515
515
514
514
513
512
512
511
510
509
509
508
507
506
505
504
503
502
501
500
499
498
496
495
494
493
491
490
489
487
486
485
483
482
480
479
477
476
474
473
471
469
468
466
464
462
461
459
457
455
453
451
450
448
446
444
442
440
438
436
434
431
429
427
425
423
421
419
416
414
412
410
407
405
403
400
398
396
393
391
389
386
384
381
379
376
374
371
369
366
364
361
359
356
354
351
348
346
343
340
338
335
333
330
327
325
322
319
316
314
311
308
305
302
299
297
294
291
288
285
282
279
276
273
270
267
264
261
257
254
251
248
245
242
239
236
233
230
226
223
220
217
214
211
208
205
202
199
196
193
190
187
184
181
178
175
172
169
166
163
160
157
154
151
148
145
143
140
137
134
131
128
126
123
120
117
115
112
109
106
104
101
98
96
93
90
88
85
83
80
78
75
73
70
68
65
63
60
58
56
53
51
49
46
44
42
40
37
35
33
31
29
27
25
22
20
18
16
14
12
11
9
7
5
3
1
0
-1
-3
-5
-6
-8
-10
-11
-13
-15
-16
-18
-19
-21
-22
-24
-25
-26
-28
-29
-30
-32
-33
-34
-35
-36
-38
-39
-40
-41
-42
-43
-44
-45
-46
-47
-48
-48
-49
-50
-51
-52
-52
-53
-54
-54
-55
-55
-56
-57
-57
-58
-58
-58
-59
-59
-60
-60
-60
-60
-61
-61
-61
-61
-61
-61
-61
-62
-62
-62
-62
-61
-61
-61
-61
-61
-61
-61
-60
-60
-60
-60
-59
-59
-58
-58
-58
-57
-57
-56
-56
-55
-55
-54
-53
-53
-52
-51
-50
-50
-49
-48
-47
-46
-46
-45
-44
-43
-42
-41
-40
-39
-38
-37
-36
-35
-33
-32
-31
-30
-29
-27
-26
-25
-24
-22
-21
-20
-18
-17
-15
-14
-13
-11
-10
-8
-7
-5
-3
-2
0
0
2
4
5
7
9
10
12
14
16
17
19
21
23
24
26
28
30
32
34
36
38
40
42
43
45
47
49
52
54
56
58
60
62
65
67
69
71
74
76
78
80
83
85
87
90
92
94
97
99
101
104
106
108
111
113
115
118
120
122
125
127
130
132
134
137
139
142
144
146
149
151
153
156
158
161
163
165
168
170
173
175
177
180
182
184
187
189
192
194
196
199
201
203
206
208
210
213
215
217
220
222
224
226
229
231
233
235
238
240
242
244
247
249
251
253
255
257
260
262
264
266
268
270
272
274
276
278
280
282
285
287
288
290
292
294
296
298
300
302
304
306
308
309
311
313
315
317
318
320
322
324
325
327
329
330
332
334
335
337
338
340
341
343
344
346
347
349
350
351
353
354
355
356
357
359
360
361
362
363
364
365
365
366
367
368
369
370
371
371
372
373
374
375
375
376
377
377
378
378
379
380
380
381
381
382
382
383
383
384
384
384
385
385
385
386
386
386
387
387
387
387
387
387
388
388
388
388
388
388
388
388
388
388
388
388
388
388
387
387
387
387
387
387
386
386
386
386
385
385
385
384
384
383
383
383
382
382
381
381
380
380
379
378
378
377
377
376
375
374
374
373
372
371
370
369
368
367
366
365
364
363
362
361
360
359
358
357
356
355
354
352
351
350
349
348
346
345
344
343
341
340
339
338
336
335
334
332
331
330
328
327
325
324
323
321
320
318
317
315
314
312
311
310
308
307
305
303
302
300
299
297
296
294
293
291
289
288
286
285
283
281
280
278
277
275
273
272
270
268
267
265
263
262
260
258
257
255
253
252
250
248
247
245
243
242
240
238
237
235
233
232
230
228
226
225
223
221
220
218
216
215
213
211
210
208
206
205
203
201
200
198
196
195
193
192
190
188
187
185
183
182
180
179
177
175
174
172
171
169
168
166
164
163
161
160
158
157
155
154
152
151
149
148
146
145
144
142
141
139
138
136
135
134
132
131
130
128
127
126
124
123
122
120
119
118
117
115
114
113
112
111
109
108
107
106
105
104
103
101
100
99
98
97
96
95
94
93
92
91
90
89
88
87
86
86
85
84
83
82
81
80
80
79
78
77
76
76
75
74
74
73
72
72
71
70
70
69
69
68
67
67
66
66
65
65
64
64
64
63
63
62
62
62
61
61
61
60
60
60
59
59
59
59
58
58
58
58
58
58
58
57
57
57
57
57
57
57
57
57
57
57
57
57
57
57
58
58
58
58
58
58
58
59
59
59
59
60
60
60
60
61
61
61
62
62
63
63
63
64
64
65
65
66
66
67
67
68
68
69
69
70
70
71
71
71
72
72
73
73
73
74
74
75
75
76
76
77
77
78
78
79
80
80
81
81
82
83
83
84
84
85
86
87
87
88
89
89
90
91
92
92
93
94
95
95
96
97
98
99
100
100
101
102
103
104
105
106
107
107
108
109
110
111
112
113
114
115
116
117
118
119
120
121
122
123
124
125
126
127
128
129
130
131
132
133
135
136
137
138
139
140
141
142
143
144
145
147
148
149
150
151
152
153
154
156
157
158
159
160
161
162
164
165
166
167
168
169
170
172
173
174
175
176
177
179
180
181
182
183
184
185
187
188
189
190
191
192
193
195
196
197
198
199
200
201
203
204
205
206
207
208
209
210
211
213
214
215
216
217
218
219
220
221
222
223
224
225
227
228
229
230
231
232
233
234
235
236
237
238
239
240
241
242
243
243
244
245
246
247
248
249
250
251
252
253
254
254
255
256
257
258
259
259
260
261
262
263
263
264
265
266
267
267
268
269
269
270
271
272
272
273
274
274
275
276
276
277
277
278
279
279
280
280
281
282
282
283
284
284
285
286
286
287
288
288
289
289
290
291
291
292
292
293
293
294
294
295
295
296
296
297
297
298
298
298
299
299
300
300
300
301
301
301
302
302
302
302
303
303
303
303
304
304
304
304
304
305
305
305
305
305
305
305
305
306
306
306
306
306
306
306
306
306
306
306
306
306
306
306
305
305
305
305
305
305
305
305
305
304
304
304
304
304
303
303
303
303
302
302
302
302
301
301
301
300
300
300
299
299
298
298
298
297
297
296
296
296
295
295
294
294
293
293
292
292
291
291
290
290
289
289
288
287
287
286
286
285
285
284
283
283
282
281
281
280
279
279
278
277
277
276
275
275
274
273
272
272
271
270
269
269
268
267
266
266
265
264
263
263
262
261
260
259
258
258
257
256
255
254
253
253
252
251
250
249
248
247
247
246
245
244
243
242
241
240
240
239
238
237
236
235
234
233
232
231
231
230
229
228
227
226
225
224
223
222
221
221
220
219
218
217
216
215
214
213
212
211
210
210
209
208
207
206
205
204
203
202
201
200
200
199
198
197
196
195
194
193
192
192
191
190
189
188
187
186
185
185
184
183
182
181
180
179
179
178
177
176
175
175
174
173
172
171
171
170
169
168
167
167
166
165
164
164
163
162
161
161
160
159
158
158
157
156
156
155
154
154
153
152
152
151
150
150
149
148
148
147
147
146
145
145
144
144
143
143
142
142
141
140
140
139
139
138
138
137
137
136
136
136
135
135
134
134
133
133
132
132
132
131
131
131
130
130
130
129
129
129
128
128
128
127
127
127
126
126
126
126
125
125
125
125
125
124
124
124
124
124
124
123
123
123
123
123
123
123
123
122
122
122
122
122
122
122
122
122
122
122
122
122
122
122
122
122
122
122
122
122
122
122
123
123
123
123
123
123
123
123
124
124
124
124
124
124
125
125
125
125
125
126
126
126
126
127
127
127
127
128
128
128
129
129
129
130
130
130
131
131
131
132
132
132
133
133
133
134
134
135
135
136
136
136
137
137
138
138
139
139
140
140
140
141
141
142
142
143
143
144
144
145
145
146
147
147
148
148
149
149
150
150
151
152
152
153
153
154
154
155
156
156
157
157
158
159
159
160
160
161
162
162
163
164
164
165
165
166
167
167
168
169
169
170
171
171
172
173
173
174
174
175
176
176
177
178
178
179
180
180
181
182
182
183
184
184
185
186
186
187
188
188
189
190
190
191
192
192
193
194
194
195
196
196
197
198
198
199
200
200
201
202
202
203
204
204
205
206
206
207
208
208
209
209
210
211
211
212
213
213
214
214
215
216
216
217
217
218
219
219
220
220
221
221
222
223
223
224
224
225
225
226
226
227
228
228
229
229
230
230
231
231
232
232
233
233
234
234
235
235
236
236
236
237
237
238
238
239
239
240
240
240
241
241
242
242
242
243
243
243
244
244
245
245
245
246
246
246
247
247
247
248
248
248
248
249
249
249
250
250
250
250
251
251
251
251
252
252
252
252
252
253
253
253
253
253
254
254
254
254
254
254
254
255
255
255
255
255
255
255
255
255
256
256
256
256
256
256
256
256
256
256
256
256
256
256
256
256
256
256
256
256
256
256
256
256
256
256
256
256
255
255
255
255
255
255
255
255
255
254
254
254
254
254
254
254
253
253
253
253
253
253
252
252
252
252
252
251
251
251
251
250
250
250
250
249
249
249
249
248
248
248
248
247
247
247
246
246
246
245
245
245
244
244
244
243
243
243
242
242
242
241
241
241
240
240
239
239
239
238
238
238
237
237
236
236
236
235
235
234
234
233
233
233
232
232
231
231
230
230
230
229
229
228
228
227
227
226
226
226
225
225
224
224
223
223
222
222
221
221
220
220
219
219
218
218
218
217
217
216
216
215
215
214
214
213
213
212
212
211
211
210
210
209
209
208
208
207
207
206
206
205
205
204
204
203
203
202
202
202
201
201
200
200
199
199
198
198
197
197
196
196
195
195
194
194
193
193
193
192
192
191
191
190
190
189
189
188
188
188
187
187
186
186
185
185
185
184
184
183
183
183
182
182
181
181
180
180
180
179
179
179
178
178
177
177
177
176
176
176
175
175
174
174
174
173
173
173
172
172
172
171
171
171
171
170
170
170
169
169
169
168
168
168
168
167
167
167
167
166
166
166
166
165
165
165
165
164
164
164
164
163
163
163
163
163
163
162
162
162
162
162
161
161
161
161
161
161
161
160
160
160
160
160
160
160
160
159
159
159
159
159
159
159
159
159
159
159
159
159
159
158
158
158
158
158
158
158
158
158
158
158
158
158
158
158
158
158
158
158
158
158
159
159
159
159
159
159
159
159
159
159
159
159
159
159
160
160
160
160
160
160
160
160
160
161
161
161
161
161
161
161
162
162
162
162
162
162
163
163
163
163
163
164
164
164
164
164
165
165
165
165
165
166
166
166
166
167
167
167
167
168
168
168
168
169
169
169
169
170
170
170
170
171
171
171
172
172
172
172
173
173
173
174
174
174
175
175
175
175
176
176
176
177
177
177
178
178
178
179
179
179
180
180
180
181
181
181
182
182
182
183
183
183
184
184
184
185
185
185
186
186
186
187
187
188
188
188
189
189
189
190
190
190
191
191
191
192
192
193
193
193
194
194
194
195
195
195
196
196
196
197
197
197
198
198
199
199
199
200
200
200
201
201
201
202
202
202
203
203
203
204
204
204
205
205
205
206
206
206
207
207
207
208
208
208
209
209
209
210
210
210
210
211
211
211
212
212
212
213
213
213
213
214
214
214
215
215
215
215
216
216
216
217
217
217
217
218
218
218
218
219
219
219
219
220
220
220
220
221
221
221
221
221
222
222
222
222
222
223
223
223
223
223
224
224
224
224
224
225
225
225
225
225
225
226
226
226
226
226
226
226
227
227
227
227
227
227
227
227
228
228
228
228
228
228
228
228
228
228
228
229
229
229
229
229
229
229
229
229
229
229
229
229
229
229
229
229
229
229
229
230
230
230
230
230
230
230
230
230
230
230
230
229
229
229
229
229
229
229
229
229
229
229
229
229
229
229
229
229
229
229
229
229
228
228
228
228
228
228
228
228
228
228
228
227
227
227
227
227
227
227
227
226
226
226
226
226
226
226
225
225
225
225
225
225
225
224
224
224
224
224
224
223
223
223
223
223
223
222
222
222
222
222
221
221
221
221
221
220
220
220
220
220
219
219
219
219
218
218
218
218
218
217
217
217
217
216
216
216
216
216
215
215
215
215
214
214
214
214
213
213
213
213
212
212
212
212
211
211
211
211
210
210
210
210
209
209
209
209
208
208
208
208
207
207
207
207
206
206
206
206
205
205
205
204
204
204
204
203
203
203
203
202
202
202
202
201
201
201
201
200
200
200
200
199
199
199
199
198
198
198
198
197
197
197
197
196
196
196
196
195
195
195
195
194
194
194
194
193
193
193
193
193
192
192
192
192
191
191
191
191
191
190
190
190
190
189
189
189
189
189
188
188
188
188
188
187
187
187
187
187
186
186
186
186
186
185
185
185
185
185
185
184
184
184
184
184
184
183
183
183
183
183
183
183
182
182
182
182
182
182
182
181
181
181
181
181
181
181
181
180
180
180
180
180
180
180
180
180
180
179
179
179
179
179
179
179
179
179
179
179
179
179
178
178
178
178
178
178
178
178
178
178
178
178
178
178
178
178
178
178
178
178
178
178
178
178
178
178
178
178
178
178
178
178
178
178
178
178
178
178
178
178
178
178
178
178
178
178
178
178
178
178
178
178
178
178
178
178
178
178
179
179
179
179
179
179
179
179
179
179
179
179
179
180
180
180
180
180
180
180
180
180
180
180
181
181
181
181
181
181
181
181
181
182
182
182
182
182
182
182
183
183
183
183
183
183
183
183
184
184
184
184
184
184
184
185
185
185
185
185
185
186
186
186
186
186
186
187
187
187
187
187
187
188
188
188
188
188
188
189
189
189
189
189
189
190
190
190
190
190
191
191
191
191
191
191
192
192
192
192
192
193
193
193
193
193
193
194
194
194
194
194
195
195
195
195
